208,105,
202,99,
189,101,
179,102,
168,103,
155,105,
146,105,
138,106,
125,115,
117,115,
113,116,
111,116,
112,110,
111,110,
110,114,
121,103,
132,100,
141,102,
154,100,
164,103,
179,103,
187,102,
192,102,
196,101,
202,94,
207,89,
214,86,
218,86,
220,85,
221,83,
223,80,
225,78,
228,76,
229,75,
229,75,
232,75,
232,77,
233,76,
233,76,
233,76,
233,76,
234,77,
233,78,
234,78,
234,76,
234,77,
235,77,
235,77,
235,77,
235,77,
236,76,
236,76,
236,76,
235,77,
235,77,
234,77,
234,77,
233,76,
234,76,
233,77,
234,76,
233,77,
233,76,
233,75,
233,76,
232,76,
232,76,
232,76,
232,76,
231,76,
231,76,
231,76,
231,76,
232,75,
236,76,
248,75,
261,74,
274,73,
280,79,
288,84,
288,102,
301,108,
326,116,
363,117,
7,124,
24,126,
29,130,
7,129,
359,116,
315,104,
263,103,
217,104,
185,106,
157,111,
141,113,
134,115,
129,117,
123,124,
99,119,
84,118,
77,117,
79,117,
93,115,
120,107,
145,105,
175,103,
205,103,
233,103,
267,100,
292,104,
316,105,
332,111,
352,113,
370,116,
376,117,
365,117,
342,113,
324,104,
292,105,
261,105,
227,105,
197,106,
174,106,
162,106,
159,107,
