284,78,
285,78,
292,76,
294,76,
298,77,
305,77,
308,79,
309,81,
315,80,
323,79,
331,79,
336,78,
339,78,
338,79,
339,81,
341,80,
345,79,
346,78,
347,78,
348,78,
354,78,
359,77,
364,77,
367,77,
369,77,
293,74,
293,74,
370,77,
364,77,
359,77,
355,78,
350,78,
344,78,
337,79,
328,80,
321,82,
293,74,
307,84,
293,74,
296,81,
288,78,
278,77,
262,80,
293,74,
293,74,
293,74,
293,74,
293,74,
293,74,
293,74,
293,74,
293,74,
293,74,
293,74,
211,76,
293,74,
293,74,
293,74,
294,74,
294,74,
293,74,
293,74,
293,74,
293,74,
293,74,
213,85,
217,83,
220,79,
221,74,
223,73,
221,74,
293,74,
294,74,
293,74,
293,74,
293,74,
293,74,
293,74,
157,76,
159,76,
176,74,
293,74,
293,74,
220,63,
223,63,
222,64,
221,64,
221,65,
219,66,
212,65,
202,72,
192,71,
188,69,
192,68,
190,68,
182,67,
166,65,
294,74,
293,74,
144,66,
146,67,
140,66,
128,63,
293,74,
104,59,
95,60,
91,65,
293,74,
293,74,
87,61,
294,74,
293,74,
293,74,
294,74,
293,74,
294,73,
293,74,
293,74,
293,74,
294,74,
293,74,
293,74,
293,74,
293,74,
62,50,
84,48,
91,38,
100,62,
107,63,
106,62,
98,61,
83,62,
71,63,
64,37,
60,37,
56,38,
50,66,
39,68,
36,69,
33,70,
30,71,
28,72,
26,73,
39,58,
39,59,
38,60,
37,60,
37,60,
37,60,
293,74,
38,60,
293,74,
44,60,
45,58,
46,60,
17,41,
17,39,
17,39,
